256
0
0,3,57,241
46000
0,3,48,7
14000
0,3,58,23
15000
0,3,53,516
14000
0,3,54,1587
17000
0,0,0,0
26788000
0,3,58,77
10000
0,3,53,511
2000
0,3,54,1585
2000
0,0,0,0
9218000
0,3,58,89
3000
0,3,53,507
1000
0,3,54,1580
2000
0,0,0,0
9328000
0,3,58,99
3000
0,3,53,501
2000
0,3,54,1572
1000
0,0,0,0
9319000
0,3,58,108
2000
0,3,53,493
2000
0,3,54,1558
1000
0,0,0,0
9350000
0,3,58,115
3000
0,3,53,483
1000
0,3,54,1533
2000
0,0,0,0
9272000
0,3,58,120
3000
0,3,53,476
1000
0,3,54,1509
2000
0,0,0,0
9721000
0,3,58,123
3000
0,3,53,471
1000
0,3,54,1484
2000
0,0,0,0
9364000
0,3,58,126
3000
0,3,53,468
2000
0,3,54,1454
1000
0,0,0,0
9310000
0,3,58,130
5000
0,3,53,467
2000
0,3,54,1409
1000
0,0,0,0
9291000
0,3,58,134
3000
0,3,53,471
2000
0,3,54,1367
1000
0,0,0,0
9740000
0,3,48,8
6000
0,3,58,140
2000
0,3,53,475
2000
0,3,54,1345
1000
0,0,0,0
10070000
0,3,58,146
3000
0,3,53,483
2000
0,3,54,1321
1000
0,0,0,0
9782000
0,3,58,150
3000
0,3,53,493
2000
0,3,54,1294
1000
0,0,0,0
9276000
0,3,58,156
3000
0,3,53,506
1000
0,3,54,1269
2000
0,0,0,0
12081000
0,3,58,161
3000
0,3,53,521
2000
0,3,54,1242
2000
0,0,0,0
9338000
0,3,58,166
6000
0,3,53,549
2000
0,3,54,1204
1000
0,0,0,0
10074000
0,3,58,168
2000
0,3,53,576
2000
0,3,54,1173
1000
0,0,0,0
9770000
0,3,58,172
3000
0,3,53,593
1000
0,3,54,1158
2000
0,0,0,0
9694000
0,3,58,175
4000
0,3,53,613
1000
0,3,54,1143
2000
0,0,0,0
10510000
0,3,48,9
3000
0,3,58,180
2000
0,3,53,634
1000
0,3,54,1131
2000
0,0,0,0
23830000
0,3,58,181
4000
0,3,53,656
2000
0,3,54,1120
1000
0,0,0,0
10334000
0,3,48,10
3000
0,3,58,180
1000
0,3,53,681
2000
0,3,54,1115
1000
0,0,0,0
9751000
0,3,58,174
6000
0,3,53,709
2000
0,3,54,1114
1000
0,0,0,0
9290000
0,3,58,169
3000
0,3,53,735
1000
0,3,54,1116
2000
0,0,0,0
9341000
0,3,58,164
3000
0,3,53,757
1000
0,3,54,1124
2000
0,0,0,0
9701000
0,3,58,160
3000
0,3,53,776
1000
0,3,54,1135
2000
0,0,0,0
9317000
0,3,58,152
3000
0,3,53,792
1000
0,3,54,1150
2000
0,0,0,0
9431000
0,3,58,146
7000
0,3,53,805
1000
0,3,54,1166
2000
0,0,0,0
9684000
0,3,58,140
4000
0,3,53,812
1000
0,3,54,1179
2000
0,0,0,0
11341000
0,3,58,134
4000
0,3,53,817
1000
0,3,54,1197
2000
0,0,0,0
9372000
0,3,58,127
7000
0,3,53,820
1000
0,3,54,1222
2000
0,0,0,0
9351000
0,3,58,122
10000
0,3,53,818
2000
0,3,54,1248
2000
0,0,0,0
9252000
0,3,58,119
7000
0,3,53,814
2000
0,3,54,1273
1000
0,0,0,0
9292000
0,3,58,118
5000
0,3,53,802
1000
0,3,54,1296
2000
0,0,0,0
9362000
0,3,58,116
9000
0,3,53,786
2000
0,3,54,1317
1000
0,0,0,0
8887000
0,3,53,766
7000
0,3,54,1338
1000
0,0,0,0
9393000
0,3,53,743
9000
0,3,54,1354
1000
0,0,0,0
9261000
0,3,58,115
4000
0,3,53,717
1000
0,3,54,1365
2000
0,0,0,0
9340000
0,3,58,112
5000
0,3,53,688
2000
0,3,54,1373
2000
0,0,0,0
9261000
0,3,48,9
3000
0,3,58,99
1000
0,3,53,641
2000
0,3,54,1381
1000
0,0,0,0
8574000
0,3,58,75
4000
0,3,53,618
1000
0,3,54,1385
2000
0,0,0,0
16908000
0,3,58,43
11000
0,3,53,595
2000
0,3,54,1388
1000
0,0,0,0
8467000
0,3,57,4294967295
4000
0,0,0,0
844924000
0,3,57,242
7000
0,3,48,8
2000
0,3,58,38
2000
0,3,53,570
2000
0,3,54,1435
2000
0,0,0,0
18468000
0,3,58,87
3000
0,3,53,579
2000
0,3,54,1431
2000
0,0,0,0
9438000
0,3,58,102
5000
0,3,53,611
2000
0,3,54,1420
1000
0,0,0,0
9207000
0,3,58,111
3000
0,3,53,663
2000
0,3,54,1404
1000
0,0,0,0
9392000
0,3,58,115
4000
0,3,53,712
1000
0,3,54,1391
2000
0,0,0,0
9292000
0,3,53,762
4000
0,3,54,1387
1000
0,0,0,0
9465000
0,3,58,109
9000
0,3,53,808
1000
0,3,54,1388
2000
0,0,0,0
8518000
0,3,58,94
5000
0,3,53,854
2000
0,3,54,1393
1000
0,0,0,0
8522000
0,3,58,72
3000
0,3,53,877
2000
0,3,54,1395
2000
0,0,0,0
16982000
0,3,58,42
7000
0,3,53,901
2000
0,3,54,1397
1000
0,0,0,0
8477000
0,3,57,4294967295
10000
0,0,0,0
601758000
0,3,57,243
17000
0,3,48,6
3000
0,3,58,28
3000
0,3,53,611
2000
0,3,54,1865
3000
0,0,0,0
70457000
0,3,57,4294967295
7000
0,0,0,0
1476236000
0,3,57,244
14000
0,3,48,8
4000
0,3,58,29
5000
0,3,53,339
4000
0,3,54,1821
5000
0,0,0,0
69234000
0,3,57,4294967295
12000
0,0,0,0
1196700000
0,3,57,245
15000
0,3,48,6
4000
0,3,58,19
5000
0,3,53,381
4000
0,3,54,2056
6000
0,0,0,0
41706000
0,3,58,61
5000
0,3,53,382
1000
0,3,54,2061
2000
0,0,0,0
32581000
0,3,57,4294967295
5000
0,0,0,0
792024000
0,3,57,246
15000
0,3,58,25
5000
0,3,53,381
4000
0,3,54,2082
6000
0,0,0,0
50085000
0,3,57,4294967295
13000
0,0,0,0
